Set parameter Username
Set parameter LogFile to value "gurobi.log"
Academic license - for non-commercial use only - expires 2024-05-04
Using license file C:\Users\user\gurobi.lic

Gurobi Optimizer version 9.5.2 build v9.5.2rc0 (win64)
Copyright (c) 2022, Gurobi Optimization, LLC

Read LP format model from file C:\Users\user\AppData\Local\Temp\4e841bb15fb14358bd7e35abe303cac0-pulp.lp
Reading time = 0.14 seconds
OBJ: 32445 rows, 10313 columns, 92048 nonzeros
Thread count: 4 physical cores, 8 logical processors, using up to 8 threads
Optimize a model with 32445 rows, 10313 columns and 92048 nonzeros
Model fingerprint: 0xcf9294b9
Variable types: 0 continuous, 10313 integer (8033 binary)
Coefficient statistics:
  Matrix range     [1e+00, 2e+01]
  Objective range  [1e+00, 3e+00]
  Bounds range     [1e+00, 1e+00]
  RHS range        [1e+00, 3e+01]
Presolve removed 21202 rows and 5634 columns
Presolve time: 0.35s
Presolved: 11243 rows, 4679 columns, 42229 nonzeros
Variable types: 0 continuous, 4679 integer (4677 binary)
Found heuristic solution: objective -0.0000000

Explored 0 nodes (0 simplex iterations) in 0.45 seconds (0.23 work units)
Thread count was 8 (of 8 available processors)

Solution count 1: -0 
No other solutions better than -0

Optimal solution found (tolerance 1.00e-04)
Best objective -0.000000000000e+00, best bound -0.000000000000e+00, gap 0.0000%

Wrote result file 'C:\Users\user\AppData\Local\Temp\4e841bb15fb14358bd7e35abe303cac0-pulp.sol'

Encoding time 1.1150157451629639
LP variables 10313
LP constrain 32865
\mathcal{F}_{[6,12]}(K) 1
muplus 0.0 muminus -20.0

muplus [0.0]
z_phi [0.0]

muminus [0.0, -1.0, -2.0, -3.0, -4.0, -5.0, -6.0, -7.0, -8.0, -9.0, -10.0, -11.0, -12.0, -13.0, -14.0, -15.0, -16.0, -17.0, -18.0, -19.0, -20.0]
z_phi_negs [0.0, 0.0, 0.0, 0.0, 0.0, 0.0, 0.0, 0.0, 0.0, 0.0, 0.0, 0.0, 0.0, 0.0, 0.0, 0.0, 0.0, 0.0, 0.0, 0.0, 0.0]



\mathcal{F}_{[15,18]}(M2) 1
muplus 0.0 muminus -6.0

muplus [0.0]
z_phi [0.0]

muminus [0.0, -1.0, -2.0, -26.0, -4.0, -5.0, -6.0, -7.0, -8.0, -9.0, 0.0, 1.0, 2.0, 3.0, 0.0, -1.0, -2.0, -3.0, -4.0, -5.0, -6.0]
z_phi_negs [0.0, 0.0, 0.0, 0.0, 0.0, 0.0, 0.0, 0.0, 0.0, 0.0, 1.0, 1.0, 1.0, 1.0, 0.0, 0.0, 0.0, 0.0, 0.0, 0.0, 0.0]



\mathcal{G}_{[30,35]}(E2) 1
muplus 0.0 muminus -36.0

muplus [0.0]
z_phi [0.0]

muminus [-23.0, -1.0, -25.0, -3.0, -43.0, -21.0, -22.0, -23.0, -24.0, -25.0, -26.0, -27.0, -28.0, -29.0, -30.0, -31.0, -32.0, -33.0, -34.0, -35.0, -36.0]
z_phi_negs [0.0, 0.0, 0.0, 0.0, 0.0, 0.0, 0.0, 0.0, 0.0, 0.0, 0.0, 0.0, 0.0, 0.0, 0.0, 0.0, 0.0, 0.0, 0.0, 0.0, 0.0]



\mathcal{F}_{[40,45]}(M2) 3
muplus 0.0 muminus -36.0

muplus [0.0]
z_phi [0.0]

muminus [-23.0, -1.0, -25.0, -3.0, -43.0, -21.0, -22.0, -23.0, -24.0, -25.0, -26.0, -27.0, -28.0, -29.0, -30.0, -31.0, -32.0, -33.0, -34.0, -35.0, -36.0]
z_phi_negs [0.0, 0.0, 0.0, 0.0, 0.0, 0.0, 0.0, 0.0, 0.0, 0.0, 0.0, 0.0, 0.0, 0.0, 0.0, 0.0, 0.0, 0.0, 0.0, 0.0, 0.0]



\mathcal{F}_{[47,49]}(F1_O1) 1
muplus 0.0 muminus -36.0

muplus [0.0]
z_phi [0.0]

muminus [-25.0, -3.0, -25.0, -3.0, -43.0, -21.0, -22.0, -23.0, -24.0, -25.0, -26.0, -27.0, -28.0, -29.0, -30.0, -31.0, -32.0, -33.0, -34.0, -35.0, -36.0]
z_phi_negs [1.0, 1.0, 0.0, 0.0, 0.0, 0.0, 0.0, 0.0, 0.0, 0.0, 0.0, 0.0, 0.0, 0.0, 0.0, 0.0, 0.0, 0.0, 0.0, 0.0, 0.0]



\mathcal{G}_{[20,22]}(P) 1
muplus 0.0 muminus -20.0

muplus [0.0]
z_phi [0.0]

muminus [0.0, -24.0, -2.0, -26.0, -4.0, -5.0, -6.0, -7.0, -8.0, -9.0, -10.0, -11.0, -12.0, -13.0, -14.0, -15.0, -16.0, -17.0, -18.0, -19.0, -20.0]
z_phi_negs [0.0, 0.0, 0.0, 0.0, 0.0, 0.0, 0.0, 0.0, 0.0, 0.0, 0.0, 0.0, 0.0, 0.0, 0.0, 0.0, 0.0, 0.0, 0.0, 0.0, 0.0]



\mathcal{G}_{[14,16]}(E1) 3
muplus 0.0 muminus -20.0

muplus [0.0]
z_phi [0.0]

muminus [0.0, -1.0, -2.0, -3.0, -4.0, -5.0, -6.0, -7.0, -8.0, -9.0, -10.0, -11.0, -12.0, -13.0, -14.0, -15.0, -16.0, -17.0, -18.0, -19.0, -20.0]
z_phi_negs [0.0, 0.0, 0.0, 0.0, 0.0, 0.0, 0.0, 0.0, 0.0, 0.0, 0.0, 0.0, 0.0, 0.0, 0.0, 0.0, 0.0, 0.0, 0.0, 0.0, 0.0]



\mathcal{F}_{[28,32]}(O2) 3
muplus 0.0 muminus -36.0

muplus [0.0]
z_phi [0.0]

muminus [-23.0, -1.0, -25.0, -3.0, -43.0, -21.0, -22.0, -23.0, -24.0, -25.0, -26.0, -27.0, -28.0, -29.0, -30.0, -31.0, -32.0, -33.0, -34.0, -35.0, -36.0]
z_phi_negs [0.0, 0.0, 0.0, 0.0, 0.0, 0.0, 0.0, 0.0, 0.0, 0.0, 0.0, 0.0, 0.0, 0.0, 0.0, 0.0, 0.0, 0.0, 0.0, 0.0, 0.0]



\mathcal{F}_{[30,45]}(F1_M1) 2
muplus 0.0 muminus -36.0

muplus [0.0]
z_phi [0.0]

muminus [-23.0, -1.0, -25.0, -3.0, -43.0, -21.0, -22.0, -23.0, -24.0, -25.0, -26.0, -27.0, -28.0, -29.0, -30.0, -31.0, -32.0, -33.0, -34.0, -35.0, -36.0]
z_phi_negs [0.0, 0.0, 0.0, 0.0, 0.0, 0.0, 0.0, 0.0, 0.0, 0.0, 0.0, 0.0, 0.0, 0.0, 0.0, 0.0, 0.0, 0.0, 0.0, 0.0, 0.0]



\mathcal{F}_{[45,49]}(F1_E2) 1
muplus 0.0 muminus -36.0

muplus [0.0]
z_phi [0.0]

muminus [-23.0, -1.0, -25.0, -3.0, -43.0, -21.0, -22.0, -23.0, -24.0, -25.0, -26.0, -27.0, -28.0, -29.0, -30.0, -31.0, -32.0, -33.0, -34.0, -35.0, -36.0]
z_phi_negs [0.0, 0.0, 0.0, 0.0, 0.0, 0.0, 0.0, 0.0, 0.0, 0.0, 0.0, 0.0, 0.0, 0.0, 0.0, 0.0, 0.0, 0.0, 0.0, 0.0, 0.0]



\lnot (\mathcal{G}_{[30,45]}(O3)) 1
muplus 0.0 muminus -8.0

muplus [0.0]
z_phi [1.0]

muminus [-25.0, -3.0, -27.0, -5.0, -45.0, -23.0, -22.0, -21.0, -20.0, -19.0, -18.0, -17.0, -16.0, -15.0, -14.0, -13.0, -12.0, -11.0, -10.0, -9.0, -8.0]
z_phi_negs [1.0, 1.0, 1.0, 1.0, 1.0, 1.0, 1.0, 1.0, 1.0, 1.0, 1.0, 1.0, 1.0, 1.0, 1.0, 1.0, 1.0, 1.0, 1.0, 1.0, 1.0]



\lnot (\mathcal{G}_{[15,45]}(K)) 3
muplus 0.0 muminus 20.0

muplus [0.0]
z_phi [1.0]

muminus [0.0, 1.0, 2.0, 3.0, 4.0, 5.0, 6.0, 7.0, 8.0, 9.0, 10.0, 11.0, 12.0, 13.0, 14.0, 15.0, 16.0, 17.0, 18.0, 19.0, 20.0]
z_phi_negs [1.0, 1.0, 1.0, 1.0, 1.0, 1.0, 1.0, 1.0, 1.0, 1.0, 1.0, 1.0, 1.0, 1.0, 1.0, 1.0, 1.0, 1.0, 1.0, 1.0, 1.0]



\lnot (\mathcal{G}_{[10,28]}(M1)) 2
muplus 0.0 muminus 20.0

muplus [0.0]
z_phi [1.0]

muminus [0.0, 1.0, 2.0, 3.0, 4.0, 5.0, 6.0, 7.0, 8.0, 9.0, 10.0, 11.0, 12.0, 13.0, 14.0, 15.0, 16.0, 17.0, 18.0, 19.0, 20.0]
z_phi_negs [1.0, 1.0, 1.0, 1.0, 1.0, 1.0, 1.0, 1.0, 1.0, 1.0, 1.0, 1.0, 1.0, 1.0, 1.0, 1.0, 1.0, 1.0, 1.0, 1.0, 1.0]



\lnot (\mathcal{G}_{[1,25]}(F1_O4)) 1
muplus 0.0 muminus 20.0

muplus [0.0]
z_phi [1.0]

muminus [0.0, 1.0, 2.0, 3.0, 4.0, 5.0, 6.0, 7.0, 8.0, 9.0, 10.0, 11.0, 12.0, 13.0, 14.0, 15.0, 16.0, 17.0, 18.0, 19.0, 20.0]
z_phi_negs [1.0, 1.0, 1.0, 1.0, 1.0, 1.0, 1.0, 1.0, 1.0, 1.0, 1.0, 1.0, 1.0, 1.0, 1.0, 1.0, 1.0, 1.0, 1.0, 1.0, 1.0]



(\mathcal{G}_{[20,25]}(O5) \wedge \mathcal{G}_{[26,30]}(O2) \wedge ) 1
muplus 0.0 muminus -20.0

muplus [0.0]
z_phi [0.0]

muminus [0.0, -24.0, -2.0, -26.0, -4.0, -5.0, -6.0, -7.0, -8.0, -9.0, -10.0, -11.0, -12.0, -13.0, -14.0, -15.0, -16.0, -17.0, -18.0, -19.0, -20.0]
z_phi_negs [0.0, 0.0, 0.0, 0.0, 0.0, 0.0, 0.0, 0.0, 0.0, 0.0, 0.0, 0.0, 0.0, 0.0, 0.0, 0.0, 0.0, 0.0, 0.0, 0.0, 0.0]



(\mathcal{F}_{[10,40]}(O6) \wedge \mathcal{G}_{[40,42]}(F1_O4) \wedge ) 2
muplus 0.0 muminus -36.0

muplus [0.0]
z_phi [0.0]

muminus [-23.0, -1.0, -25.0, -3.0, -43.0, -21.0, -22.0, -23.0, -24.0, -25.0, -26.0, -27.0, -28.0, -29.0, -30.0, -31.0, -32.0, -33.0, -34.0, -35.0, -36.0]
z_phi_negs [0.0, 0.0, 0.0, 0.0, 0.0, 0.0, 0.0, 0.0, 0.0, 0.0, 0.0, 0.0, 0.0, 0.0, 0.0, 0.0, 0.0, 0.0, 0.0, 0.0, 0.0]



(\mathcal{F}_{[10,40]}(F1_K) ee \mathcal{F}_{[40,49]}(O5) ee ) 1
muplus 0.0 muminus -36.0

muplus [0.0]
z_phi [0.0]

muminus [-23.0, -1.0, -25.0, -3.0, -43.0, -21.0, -22.0, -23.0, -24.0, -25.0, -26.0, -27.0, -28.0, -29.0, -30.0, -31.0, -32.0, -33.0, -34.0, -35.0, -36.0]
z_phi_negs [0.0, 0.0, 0.0, 0.0, 0.0, 0.0, 0.0, 0.0, 0.0, 0.0, 0.0, 0.0, 0.0, 0.0, 0.0, 0.0, 0.0, 0.0, 0.0, 0.0, 0.0]



(\mathcal{F}_{[1,49]}(M2) ee \mathcal{F}_{[1,49]}(F1_E1) ee ) 3
muplus 0.0 muminus -8.0

muplus [0.0]
z_phi [1.0]

muminus [-25.0, -3.0, -27.0, -5.0, -45.0, -23.0, -22.0, -21.0, -20.0, -19.0, -18.0, -17.0, -16.0, -15.0, -14.0, -13.0, -12.0, -11.0, -10.0, -9.0, -8.0]
z_phi_negs [1.0, 1.0, 1.0, 1.0, 1.0, 1.0, 1.0, 1.0, 1.0, 1.0, 1.0, 1.0, 1.0, 1.0, 1.0, 1.0, 1.0, 1.0, 1.0, 1.0, 1.0]



\mathcal{F}_{[15,20]}(\mathcal{G}_{[5,10]}(O7)) 2
muplus 0.0 muminus -36.0

muplus [0.0]
z_phi [0.0]

muminus [-23.0, -1.0, -25.0, -3.0, -43.0, -21.0, -22.0, -23.0, -24.0, -25.0, -26.0, -27.0, -28.0, -29.0, -30.0, -31.0, -32.0, -33.0, -34.0, -35.0, -36.0]
z_phi_negs [0.0, 0.0, 0.0, 0.0, 0.0, 0.0, 0.0, 0.0, 0.0, 0.0, 0.0, 0.0, 0.0, 0.0, 0.0, 0.0, 0.0, 0.0, 0.0, 0.0, 0.0]



\mathcal{G}_{[15,20]}(\mathcal{F}_{[5,10]}(F1_O1)) 2
muplus 0.0 muminus -36.0

muplus [0.0]
z_phi [0.0]

muminus [-23.0, -1.0, -25.0, -3.0, -43.0, -21.0, -22.0, -23.0, -24.0, -25.0, -26.0, -27.0, -28.0, -29.0, -30.0, -31.0, -32.0, -33.0, -34.0, -35.0, -36.0]
z_phi_negs [0.0, 0.0, 0.0, 0.0, 0.0, 0.0, 0.0, 0.0, 0.0, 0.0, 0.0, 0.0, 0.0, 0.0, 0.0, 0.0, 0.0, 0.0, 0.0, 0.0, 0.0]



Encoding time 1.1150157451629639
Solving time 1.6286077499389648
LP variables 10313
LP constrain 32865

[['s_0_3'], ['s_0_3'], ['s_1_3'], ['s_2_3'], ['s_2_3'], ['s_3_3'], ['s_4_3'], ['s_3_3'], ['s_3_4'], ['s_3_3'], ['s_2_3'], ['s_1_3'], ['s_1_2'], ['s_1_1'], ['s_2_1'], ['s_3_1'], [], [], ['s_3_20'], [], [], ['f_1_s_3_20'], [], ['f_1_s_4_1'], ['f_1_s_3_1'], ['f_1_s_2_1'], ['f_1_s_2_0'], ['f_1_s_2_0'], ['f_1_s_2_0'], ['f_1_s_2_1'], ['f_1_s_3_1'], [], [], ['f_1_s_3_20'], ['f_1_s_3_20'], ['f_1_s_3_20'], ['f_1_s_3_20'], ['f_1_s_3_20'], ['f_1_s_3_20'], ['f_1_s_3_20'], [], ['s_3_20'], ['f_1_s_3_20'], [], ['s_3_1'], ['f_1_s_3_1'], [], ['s_3_20'], ['f_1_s_3_20'], ['f_1_s_8_3']]
